128
1
0.00390625 1.4929801213403371e-06 1.6943019286507873e-05 5.5392964505049884e-05 9.11550740978311e-05 0.0037136184729006133 -0.0022557498007892167
0.01171875 4.485236223076224e-06 5.0867435186655476e-05 0.0001661587446331263 0.000273560479264815 0.003721698793927816 -0.0022615236011350633
0.01953125 7.4963688720429205e-06 8.490701545933227e-05 0.00027751367684701 0.0004566653789301504 0.0037378768702881525 -0.002273085881600106
0.02734375 1.0539053693484624e-05 0.00011913886101350043 0.0003894111175077079 0.0006406572103385073 0.003762187607139151 -0.0022904655422015994
0.03515625 1.3626037877316458e-05 0.00015364044982550847 0.000502479168866224 0.000826153458300756 0.003794683458082409 -0.0023137065700227217
0.04296875 1.677024982646214e-05 0.00018848992483750805 0.0006166505375431393 0.0010133313514407317 0.0038354345301945697 -0.0023428672104504216
0.05078125 1.9984771587798506e-05 0.00022376615181056615 0.0007325943987125614 0.0012028370003596973 0.003884528746739336 -0.00237802115676601
0.05859375 2.328295647804458e-05 0.00025954902122762955 0.0008502028733439441 0.0013948268729266006 0.003942072014147849 -0.002419256576062532
0.06640625 2.667839336484023e-05 0.00029591949529976253 0.0009702171811221808 0.0015899964160591671 0.00400818848057566 -0.002466677604680483
0.07421875 3.0185038269353666e-05 0.00033295993414452884 0.0010924561571622458 0.001788463032984707 0.004083020752931348 -0.0025204032006826017
0.08203125 3.381716402316354e-05 0.00037075412247804116 0.0012177831830547658 0.0019910039159425222 0.004166730272792192 -0.0025805689890844915
0.08984375 3.758951564348465e-05 0.00040938763635822164 0.0013458825038834415 0.0021976617370809094 0.004259497557053744 -0.002647325884682934
0.09765625 4.151723319408168e-05 0.0004489478311115131 0.0014778341796606142 0.0024093548757797576 0.004361522736387567 -0.0027208423739529947
0.10546875 4.561604962030962e-05 0.0004895242789808409 0.0016130562139787445 0.0026259729677857377 0.00447302575767175 -0.0028013027883744684
0.11328125 4.990216046422528e-05 0.0005312086775204087 0.0017530562447943957 0.002848705601137956 0.004594247189548395 -0.002888910213443736
0.12109375 5.439250644544751e-05 0.0005740954256197926 0.0018966565396972205 0.0030770915085725162 0.0047254482264363715 -0.0029838841221562465
0.12890625 5.9104523536197096e-05 0.0006182813486739049 0.0020463406852928028 0.0033129250581601833 0.004866912038458826 -0.00308646439749677
0.13671875 6.405661914929493e-05 0.0006638665853612637 0.0021995178652453023 0.00355490381423411 0.005018943110043516 -0.003196907519578259
0.14453125 6.926809030501194e-05 0.0007109594990617533 0.002352383469631228 0.0038010135596920442 0.005181781541062402 -0.003315389755368132
0.15234375 7.477248944597327e-05 0.0007598844433207366 0.0023534257502052674 0.0039597243734878895 0.005352393784668395 -0.0034382467935363823
0.16015625 8.063150614396053e-05 0.0008119799720264254 0.0018415762652545032 0.0038122266544791204 0.005512217542351985 -0.003543596785281403
0.16796875 8.681416212895319e-05 0.0008697197136186235 0.0006372841662737332 0.00324785149572153 0.005625627830259938 -0.0035894806255098535
0.17578125 9.299992332481474e-05 0.0009355294825317629 -0.0010823464343228274 0.0023700146047211735 0.005658698009410909 -0.003535874365248939
0.18359375 9.850780665315124e-05 0.0010106982866331894 -0.002970476861807493 0.0013856038269332693 0.005596068208799732 -0.003364488766967856
0.19140625 0.00010237362879201732 0.0010950080380426835 -0.004706216457821115 0.0004886009051956317 0.005444509239359239 -0.003082886190628822
0.19921875 0.00010351462953982611 0.0011869226371726894 -0.006097901759914367 -0.00020238947488506902 0.005226073014859108 -0.0027163463935964997
0.20703125 0.00010091892898556827 0.001284040991716465 -0.007086655029155212 -0.0006478435528118354 0.004968152267138098 -0.0022961839385024496
0.21484375 9.381026372509321e-05 0.0013835799299423313 -0.007704168242750227 -0.000863556458664564 0.00469592372704588 -0.0018509551214261181
0.22265625 8.175708786850838e-05 0.0014827480241098399 -0.008021479786123215 -0.000891370017415135 0.004428791464968386 -0.0014024468127146377
0.23046875 6.472051863926691e-05 0.001578962671888127 -0.008113106059968027 -0.0007794562087038396 0.004179890887870895 -0.0009653272616087518
0.23828125 4.3053878932397244e-05 0.0016699234935760626 -0.008036975651212046 -0.0005734939459822664 0.003957062611001484 -0.0005486552433066482
0.24609375 1.7473555739933107e-05 0.001753583353420732 -0.007829390878233743 -0.0003174033926693267 0.003764084468656623 -0.0001578676677202489
0.25390625 -1.0983478078588146e-05 0.0018280626367997064 -0.007511060534144611 -5.626491405733977e-05 0.003601566947992884 0.00020358909784343743
0.26171875 -4.100829095358031e-05 0.0018915476474711582 -0.007097292917069006 0.00016746948055192673 0.003467589638547718 0.000533383193689928
0.26953125 -7.107664135309967e-05 0.0019422077305845417 -0.00659927591158847 0.0003224362896984695 0.003358464795245452 0.0008299459151385657
0.27734375 -9.952274928779693e-05 0.0019781617658618162 -0.006018244733024097 0.0003894374395367269 0.003269596535362579 0.0010920944717293878
0.28515625 -0.00012464627059450493 0.0019975237025097563 -0.0053447971699654455 0.000356170724604315 0.003196075936789313 0.0013185280603586953
0.29296875 -0.00014486955114230855 0.0019985561895283195 -0.004564946990625992 0.0002139706299656578 0.0031329404301588056 0.0015074787381968077
0.30078125 -0.00015895195867547814 0.001979952776745663 -0.0036707098350832958 -4.019585149162275e-05 0.003075298524143185 0.0016567112133725798
0.30859375 -0.00016623812112448097 0.0019412384089416861 -0.0026723454942472738 -0.00039816283339915364 0.0030185076956536594 0.0017639470859285614
0.31640625 -0.00016687119735360947 0.0018832175804133397 -0.001612739011008212 -0.0008323310632050307 0.002958522840445192 0.0018277456721481615
0.32421875 -0.00016185872933549875 0.0018083154800515033 -0.0005772895889003762 -0.0012891673128720166 0.00289245688570352 0.0018488331714890374
0.33203125 -0.00015288583783856972 0.0017205936676174425 0.0003076328924654891 -0.0016890353938182339 0.0028192912216514713 0.001831655107160778
0.33984375 -0.00014186619345426255 0.0016252337702413007 0.000908860726364779 -0.0019454197597830178 0.0027404517554571813 0.0017854512288136193
0.34765625 -0.00013039074557259686 0.0015274234250510618 0.0011619350401960984 -0.002010126544376789 0.0026596133838136513 0.0017233593311794242
0.35546875 -0.00011935852791124444 0.0014309042938102311 0.0011608832863266392 -0.0019299497548306876 0.0025809871795987246 0.0016579939485723287
0.36328125 -0.00010902935778787534 0.001337153492557501 0.0010845001775771131 -0.0018071640877011796 0.0025068784217975935 0.001595843144105398
0.37109375 -9.938763755677546e-05 0.0012462349412539666 0.0010081073086786404 -0.0016861346324237676 0.002437607422993892 0.0015379446695794135
0.37890625 -9.038288923475928e-05 0.0011579632108186415 0.0009335855038469027 -0.0015678586944907723 0.0023730567792901456 0.0014841809475802056
0.38671875 -8.1965495421117e-05 0.001072151056811636 0.0008622236523186588 -0.0014530194910820277 0.0023131061797097164 0.0014344151337826773
0.39453125 -7.408842435137962e-05 0.000988617102968241 0.0007927680923446864 -0.0013407385012012092 0.0022576434129154476 0.0013885193145433002
0.40234375 -6.670623190895497e-05 0.0009071841290171111 0.0007258006583452624 -0.001231277373707168 0.0022065648812025743 0.0013463763766172097
0.41015625 -5.977550869848044e-05 0.0008276796831838444 0.0006605573225242276 -0.0011240570644683555 0.0021597749655935462 0.0013078779914818554
0.41796875 -5.3254272046867207e-05 0.0007499349822392431 0.0005973220769978167 -0.0010191610104928245 0.002117186149724967 0.0012729257791520678
0.42578125 -4.710217745221952e-05 0.0006737851531040697 0.0005355457405922029 -0.0009161440731886047 0.0020787186704151537 0.0012414298444689163
0.43359375 -4.128008247380353e-05 0.000599068405689686 0.00047537941790786066 -0.0008150106576718008 0.002044300508968569 0.0012133096274133232
0.44140625 -3.575015492294157e-05 0.0005256261112950062 0.0004163830059873831 -0.0007153849034940559 0.0020138671719011443 0.001188492752452009
0.44921875 -3.047552367642298e-05 0.00045330211420957153 0.0003586405829008936 -0.000617231839194967 0.0019873616414763417 0.0011669157078596508
0.45703125 -2.542033567144781e-05 0.00038194272920113754 0.0003017736603965766 -0.0005202154295219112 0.0019647342282592107 0.0011485229145181744
0.46484375 -2.054945588096813e-05 0.00031139613187074157 0.0002458299119762649 -0.00042427965592699534 0.001945942517014609 0.0011332672930616453
0.47265625 -1.5828496870847165e-05 0.00024151231293156043 0.00019046724818916618 -0.00032911236140961453 0.0019309512660954267 0.0011211095093968018
0.48046875 -1.122354794703279e-05 0.00017214251535112044 0.00013571323089816255 -0.00023464609336728437 0.0019197323645619739 0.0011120184572412173
0.48828125 -6.701189679798373e-06 0.00010313916512331669 8.124654915994458e-05 -0.00014058247862684697 0.0019122647666462986 0.001105970658725818
0.49609375 -2.2282398199938134e-06 3.435533525247632e-05 2.7084552049950702e-05 -4.684833931498898e-05 0.0019085344674657353 0.0011029506761163772
0.50390625 2.228239823181721e-06 -3.435533526930013e-05 -2.7084552066153968e-05 4.684833933635369e-05 0.0019085344669003748 0.001102950656344142
0.51171875 6.701189671501326e-06 -0.00010313916514017286 -8.124654915976242e-05 0.00014058247865645525 0.0019122647672141313 0.0011059706784992103
0.51953125 1.1223547961767118e-05 -0.00017214251536806427 -0.00013571323093066435 0.00023464609338081025 0.0019197323639967494 0.0011120184374710572
0.52734375 1.5828496850990876e-05 -0.0002415123129485874 -0.0001904672481728775 0.0003291123614475541 0.0019309512666681077 0.0011211095291704055
0.53515625 2.054945590743787e-05 -0.00031139613188794953 -0.0002458299120253879 0.00042427965593289427 0.0019459425164471086 0.0011332672732945702
0.54296875 2.5420335639827255e-05 -0.0003819427292184776 -0.00030177366036385965 0.0005202154295685631 0.001964734228839321 0.0011485229342909503
0.55078125 3.047552371496021e-05 -0.0004533021142271939 -0.0003586405829672366 0.000617231839192973 0.0019873616409039215 0.001166915688096847
0.55859375 3.575015487919377e-05 -0.0005256261113128115 -0.00041638300593800577 0.00071538490354974 0.002013867172491598 0.0011884927722227046
0.56640625 4.1280082524897314e-05 -0.0005990684057078704 -0.00047537941799223604 0.0008150106576617697 0.0020443005083881534 0.0012133096076563036
0.57421875 4.710217739580033e-05 -0.0006737851531224828 -0.0005355457405252667 0.0009161440732540665 0.002078718671019437 0.0012414298642358782
0.58203125 5.32542721112261e-05 -0.0007499349822581583 -0.0005973220771013578 0.0010191610104748174 0.0021171861491327887 0.0012729257594028985
0.58984375 5.977550862862525e-05 -0.0008276796832030153 -0.0006605573224387105 0.0011240570645442384 0.0021597749662160782 0.001307878011242742
0.59765625 6.670623198754866e-05 -0.0009071841290369208 -0.0007258006584693551 0.0012312773736804596 0.0022065648805937484 0.00134637635687891
0.60546875 7.408842426701834e-05 -0.0009886171029883208 -0.0007927680922391996 0.0013407385012884849 0.0022576434135621014 0.0013885193342944762
0.61328125 8.196549551528654e-05 -0.0010721510568325278 -0.0008622236524649885 0.0014530194910463538 0.00231310617907746 0.0014344151140600764
0.62109375 9.038288913434334e-05 -0.001157963210839785 -0.0009335855037190483 0.0015678586945908827 0.0023730567799693887 0.0014841809673154522
0.62890625 9.938763766844492e-05 -0.001246234941276145 -0.0010081073088498503 0.0016861346323778276 0.0024376074223279674 0.0015379446498811993
0.63671875 0.00010902935766910025 -0.001337153492579843 -0.001084500177423234 0.001807164087816347 0.0025068784225229673 0.0015958431638122615
0.64453125 0.00011935852804344579 -0.0014309042938339452 -0.0011608832865551192 0.0019299497547603638 0.002580987178880722 0.0016579939289187167
0.65234375 0.0001303907454313184 -0.0015274234250746898 -0.001161935039439515 0.0020101265447640456 0.002659613384616401 0.001723359350818481
0.66015625 0.00014186619361274973 -0.0016252337702668874 -0.0009088607293762536 0.001945419758473009 0.0027404517546376754 0.001785451209253824
0.66796875 0.00015288583766851044 -0.0017205936676422061 -0.0003076328850706952 0.001689035397176291 0.0028192912225820975 0.0018316551267654917
0.67578125 0.00016185872952544311 -0.001808315480079089 0.0005772895752461663 0.001289167306618761 0.002892456884751371 0.0018488331518046258
0.68359375 0.00016687119715286052 -0.001883217580438708 0.001612739032145389 0.0008323310734316044 0.002958522841522694 0.001827745692118403
0.69140625 0.00016623812134267303 -0.0019412384089708566 0.0026723454649057762 0.0003981628181331634 0.003018507694545032 0.0017639470656035934
0.69921875 0.00015895195845161896 -0.0019799527767709497 0.003670709873126432 4.019587351659349e-05 0.0030752985254040117 0.0016567112342721318
0.70703125 0.00014486955137718574 -0.0019985561895582023 0.0045649469438613 -0.0002139706611006513 0.003132940428846773 0.001507478716644788
0.71484375 0.00012464627036033428 -0.001997523702534354 0.0053447972250967955 -0.0003561706806426524 0.003196075938279724 0.001318528082792588
0.72265625 9.952274952563074e-05 -0.0019781617658914162 0.006018244671743779 -0.0003894375014785065 0.003269596533834554 0.0010920944482924056
0.73046875 7.10766411211763e-05 -0.0019422077306079388 0.006599275973623902 -0.0003224362031990704 0.003358464796870401 0.0008299459398503437
0.73828125 4.1008291182528506e-05 -0.0018915476474997447 0.007097292866357691 -0.0001674695964220691 0.0034675896371684214 0.0005333831675443198
0.74609375 1.098347785898722e-05 -0.0018280626368210515 0.00751106055618446 5.6265055247823844e-05 0.0036015669489155716 0.00020358912551289
0.75390625 -1.747355552834979e-05 -0.0017535833534484666 0.007829390897170876 0.00031740324506612084 0.003764084468649689 -0.0001578676965713744
0.76171875 -4.305387913357174e-05 -0.0016699234935944342 0.008036975597635053 0.0005734940784977424 0.003957062610445537 -0.0005486552136582648
0.76953125 -6.472051844994521e-05 -0.001578962671913681 0.008113106132875216 0.0007794561004465887 0.004179890888832536 -0.0009653272920450811
0.77734375 -8.17570880459475e-05 -0.0014827480241260162 0.008021479707202296 0.0008913701022482616 0.004428791464006103 -0.0014024467813950302
0.78515625 -9.381026356221628e-05 -0.0013835799299650217 0.0077041683200459775 0.0008635563929646747 0.004695923728087828 -0.001850955153856466
0.79296875 -0.00010091892913585752 -0.0012840409917305973 0.00708665495821373 0.0006478436034070573 0.004968152266254364 -0.0022961839049188155
0.80078125 -0.00010351462940497651 -0.0011869226371925413 0.006097901821912241 0.0002023894362685801 0.005226073015767769 -0.002716346428473469
0.80859375 -0.00010237362891472846 -0.0010950080380550072 0.004706216406940151 -0.000488600876563391 0.0054445092386391026 -0.0030828861545998984
0.81640625 -9.850780654475908e-05 -0.0010106982866505778 0.0029704769003562515 -0.001385603847165368 0.00559606820953279 -0.0033644888041363414
0.82421875 -9.299992342294192e-05 -0.0009355294825427256 0.0010823464084929926 -0.002370014591841032 0.00565869800888502 -0.00353587432726987
0.83203125 -8.681416204233726e-05 -0.0008697197136341463 -0.000637284151960865 -0.003247851502797766 0.005625627830772812 -0.0035894806641793083
0.83984375 -8.063150622316515e-05 -0.0008119799720365226 -0.0018415762711452054 -0.003812226651680739 0.005512217542062392 -0.003543596746278064
0.84765625 -7.477248937505332e-05 -0.0007598844433349343 -0.002353425748719112 -0.003959724374310856 0.005352393784930974 -0.0034382468328208074
0.85546875 -6.926809037083697e-05 -0.0007109594990712827 -0.0023523834700786036 -0.003801013559538317 0.005181781540979469 -0.003315389716032849
0.86328125 -6.405661908972288e-05 -0.0006638665853743856 -0.002199517864942339 -0.00355490381447515 0.005018943110146659 -0.003196907559012815
0.87109375 -5.910452359181862e-05 -0.0006182813486829812 -0.0020463406856277857 -0.0033129250580582635 0.004866912038482022 -0.0030864643580759453
0.87890625 -5.439250639510665e-05 -0.0005740954256319671 -0.001896656539445851 -0.0030770915087813544 0.004725448226444922 -0.0029838841616449605
0.88671875 -4.990216051115143e-05 -0.0005312086775291117 -0.001753056245080716 -0.0028487056010575284 0.004594247189639772 -0.0028889101739769177
0.89453125 -4.561604957803653e-05 -0.0004895242789921823 -0.0016130562137711896 -0.0026259729679673285 0.004473025757613623 -0.0028013028278933583
0.90234375 -4.151723323326574e-05 -0.0004489478311199161 -0.001477834179903421 -0.0024093548757187573 0.004361522736526169 -0.0027208423344568388
0.91015625 -3.758951560850074e-05 -0.00040938763636883565 -0.0013458825037154878 -0.0021976617372378828 0.004259497556946274 -0.0026473259242201
0.91796875 -3.3817164055268934e-05 -0.0003707541224862174 -0.0012177831832573013 -0.001991003915899851 0.004166730272964245 -0.002580568949568155
0.92578125 -3.018503824111705e-05 -0.00033295993415451353 -0.0010924561570305092 -0.001788463033119637 0.004083020752786559 -0.002520403240231169
0.93359375 -2.6678393390345545e-05 -0.0002959194953077865 -0.0009702171812875697 -0.0015899964160338478 0.004008188480771222 -0.002466677565149673
0.94140625 -2.328295645616302e-05 -0.00025954902123708103 -0.0008502028732464805 -0.0013948268730407856 0.003942072013974722 -0.0024192566156180577
0.94921875 -1.998477160704622e-05 -0.00022376615181850996 -0.0007325943988423071 -0.0012028370003512741 0.0038845287469507924 -0.0023780211172245817
0.95703125 -1.6770249810659474e-05 -0.0001884899248465107 -0.000616650537478594 -0.0010133313515353261 0.0038354345300002264 -0.002342867250009857
0.96484375 -1.3626037890551287e-05 -0.00015364044983344548 -0.0005024791689622652 -0.0008261534583087964 0.0037946834583035697 -0.0023137065304735
0.97265625 -1.0539053683575443e-05 -0.00011913886102213637 -0.00038941111747549346 -0.0006406572104147721 0.0037621876069295233 -0.0022904655817626083
0.98046875 -7.4963688794228475e-06 -8.490701546733339e-05 -0.00027751367691031 -0.0004566653789547986 0.0037378768705136622 -0.002273085842045269
0.98828125 -4.485236218949832e-06 -5.0867435195006726e-05 -0.00016615874463253843 -0.00027356047932371576 0.0037216987937081056 -0.0022615236406957344
0.99609375 -1.4929801229552283e-06 -1.6943019294648165e-05 -5.539296453653422e-05 -9.115507413894607e-05 0.0037136184731255736 -0.002255749761230621
