1145
0.00995423369838 2.42599937883e-07
0.0109542336984 3.21958132378e-07
0.0119542336984 4.17097211493e-07
0.0129542336984 5.29457679666e-07
0.0139542336984 6.60480067646e-07
0.0149542336984 8.11604919408e-07
0.0159542336984 9.84272790405e-07
0.0169542336984 1.17992424501e-06
0.0179542336984 1.39999985275e-06
0.0189542336984 1.64594018435e-06
0.0199542336984 1.91918581411e-06
0.0209542336984 2.22117732332e-06
0.0219542336984 2.55335528833e-06
0.0229542336984 2.91716029047e-06
0.0239542336984 3.31403291393e-06
0.0249542336984 3.74541374095e-06
0.0259542336984 4.21274335492e-06
0.0269542336984 4.71746234152e-06
0.0279542336984 5.26101128575e-06
0.0289542336984 5.84483077264e-06
0.0299542336984 6.47036138797e-06
0.0309542336984 7.13904371675e-06
0.0319542336984 7.85231834655e-06
0.0329542336984 8.61162586662e-06
0.0339542336984 9.41840686507e-06
0.0349542336984 1.02741019259e-05
0.0359542336984 1.11801516359e-05
0.0369542336984 1.21379965859e-05
0.0379542336984 1.3149077367e-05
0.0389542336984 1.42148345689e-05
0.0399542336984 1.53367087808e-05
0.0409542336984 1.65161405923e-05
0.0419542336984 1.77545705959e-05
0.0429542336984 1.90534393795e-05
0.0439542336984 2.0414187533e-05
0.0449542336984 2.18382556465e-05
0.0459542336984 2.33270843204e-05
0.0469542336984 2.4882114152e-05
0.0479542336984 2.65047857368e-05
0.0489542336984 2.81965396631e-05
0.0499542336984 2.99588165244e-05
0.0509542336984 3.17930569143e-05
0.0519542336984 3.37007014357e-05
0.0529542336984 3.56831906957e-05
0.0539542336984 3.77419652982e-05
0.0549542336984 3.98784658468e-05
0.0559542336984 4.20941329396e-05
0.0569542336984 4.43904071786e-05
0.0579542336984 4.67687291697e-05
0.0589542336984 4.92305395201e-05
0.0599542336984 5.17772788429e-05
0.0609542336984 5.44103877544e-05
0.0619542336984 5.7131306872e-05
0.0629542336984 5.99414768129e-05
0.0639542336984 6.28423381957e-05
0.0649542336984 6.58353316463e-05
0.0659542336984 6.89218977916e-05
0.0669542336984 7.21034772605e-05
0.0679542336984 7.53815106933e-05
0.0689542336984 7.87574387173e-05
0.0699542336984 8.22327019644e-05
0.0709542336984 8.5808741076e-05
0.0719542336984 8.94869966953e-05
0.0729542336984 9.32689094759e-05
0.0739542336984 9.71559200875e-05
0.0749542336984 0.000101149469198
0.0759542336984 0.000105250997476
0.0769542336984 0.000109461945598
0.0779542336984 0.000113783754253
0.0789542336984 0.000118217864108
0.0799542336984 0.000122765715839
0.0809542336984 0.000127428750139
0.0819542336984 0.000132208407709
0.0829542336984 0.000137106129254
0.0839542336984 0.000142123355503
0.0849542336984 0.000147261527196
0.0859542336984 0.000152522085077
0.0869542336984 0.000157906469897
0.0879542336984 0.000163416122414
0.0889542336984 0.000169052483394
0.0899542336984 0.000174816993623
0.0909542336984 0.000180711093878
0.0919542336984 0.000186736224948
0.0929542336984 0.000192893827635
0.0939542336984 0.000199185342759
0.0949542336984 0.000205612211152
0.0959542336984 0.000212175873665
0.0969542336984 0.000218877771164
0.0979542336984 0.000225719344526
0.0989542336984 0.000232702034643
0.0999542336984 0.000239827282425
0.100954233698 0.0002470965288
0.101954233698 0.000254511214713
0.102954233698 0.000262072781107
0.103954233698 0.000269782668961
0.104954233698 0.000277642319294
0.105954233698 0.000285653173138
0.106954233698 0.000293816671541
0.107954233698 0.000302134255566
0.108954233698 0.000310607366297
0.109954233698 0.000319237444869
0.110954233698 0.000328025932399
0.111954233698 0.000336974270022
0.112954233698 0.000346083898907
0.113954233698 0.000355356260258
0.114954233698 0.000364792795312
0.115954233698 0.000374394945339
0.116954233698 0.000384164151643
0.117954233698 0.000394101855503
0.118954233698 0.000404209498293
0.119954233698 0.000414488521454
0.120954233698 0.000424940366451
0.121954233698 0.000435566474775
0.122954233698 0.000446368287942
0.123954233698 0.000457347247503
0.124954233698 0.000468504795041
0.125954233698 0.000479842372209
0.126954233698 0.000491361420678
0.127954233698 0.000503063382122
0.128954233698 0.000514949698269
0.129954233698 0.000527021810901
0.130954233698 0.000539281161855
0.131954233698 0.000551729193021
0.132954233698 0.000564367346346
0.133954233698 0.000577197063832
0.134954233698 0.000590219787539
0.135954233698 0.000603436959562
0.136954233698 0.000616850022018
0.137954233698 0.000630460417175
0.138954233698 0.000644269587365
0.139954233698 0.000658278974972
0.140954233698 0.000672490022439
0.141954233698 0.000686904172267
0.142954233698 0.000701522867025
0.143954233698 0.000716347549343
0.144954233698 0.000731379661924
0.145954233698 0.000746620647542
0.146954233698 0.000762071949066
0.147954233698 0.000777735009417
0.148954233698 0.000793611271591
0.149954233698 0.000809702178664
0.150954233698 0.000826009173804
0.151954233698 0.000842533700267
0.152954233698 0.000859277201402
0.153954233698 0.00087624112065
0.154954233698 0.000893426901553
0.155954233698 0.000910835987747
0.156954233698 0.000928469823017
0.157954233698 0.000946329851238
0.158954233698 0.000964417516326
0.159954233698 0.000982734262314
0.160954233698 0.00100128153336
0.161954233698 0.00102006077372
0.162954233698 0.00103907342782
0.163954233698 0.00105832094015
0.164954233698 0.00107780475538
0.165954233698 0.00109752631828
0.166954233698 0.00111748707372
0.167954233698 0.00113768846664
0.168954233698 0.00115813194227
0.169954233698 0.00117881894597
0.170954233698 0.00119975092321
0.171954233698 0.00122092931962
0.172954233698 0.00124235558097
0.173954233698 0.00126403115314
0.174954233698 0.00128595748221
0.175954233698 0.00130813601436
0.176954233698 0.00133056819596
0.177954233698 0.00135325547353
0.178954233698 0.00137619929379
0.179954233698 0.00139940110382
0.180954233698 0.00142286235071
0.181954233698 0.00144658448158
0.182954233698 0.00147056894375
0.183954233698 0.00149481718473
0.184954233698 0.00151933065229
0.185954233698 0.00154411079438
0.186954233698 0.00156915905919
0.187954233698 0.00159447689511
0.188954233698 0.00162006575078
0.189954233698 0.00164592707504
0.190954233698 0.00167206231698
0.191954233698 0.00169847292582
0.192954233698 0.00172516035094
0.193954233698 0.00175212604222
0.194954233698 0.00177937144975
0.195954233698 0.0018068980239
0.196954233698 0.00183470721523
0.197954233698 0.00186280047457
0.198954233698 0.00189117925299
0.199954233698 0.00191984500182
0.200954233698 0.00194879917263
0.201954233698 0.0019780432173
0.202954233698 0.00200757858795
0.203954233698 0.00203740673699
0.204954233698 0.00206752911715
0.205954233698 0.00209794718141
0.206954233698 0.0021286623831
0.207954233698 0.00215967617617
0.208954233698 0.00219099001456
0.209954233698 0.00222260535241
0.210954233698 0.00225452364421
0.211954233698 0.00228674634479
0.212954233698 0.00231927490937
0.213954233698 0.00235211079351
0.214954233698 0.00238525545315
0.215954233698 0.00241871034461
0.216954233698 0.00245247692458
0.217954233698 0.00248655665016
0.218954233698 0.00252095097883
0.219954233698 0.00255566136846
0.220954233698 0.00259068927735
0.221954233698 0.0026260361642
0.222954233698 0.00266170348802
0.223954233698 0.00269769270821
0.224954233698 0.00273400528482
0.225954233698 0.00277064267835
0.226954233698 0.00280760634972
0.227954233698 0.00284489776029
0.228954233698 0.00288251837189
0.229954233698 0.00292046964681
0.230954233698 0.0029587530478
0.231954233698 0.00299737003809
0.232954233698 0.00303632208141
0.233954233698 0.00307561064198
0.234954233698 0.00311523718454
0.235954233698 0.00315520317433
0.236954233698 0.00319551007712
0.237954233698 0.00323615935923
0.238954233698 0.00327715248748
0.239954233698 0.00331849092931
0.240954233698 0.00336017615268
0.241954233698 0.00340220962615
0.242954233698 0.00344459281888
0.243954233698 0.00348732720058
0.244954233698 0.00353041424162
0.245954233698 0.00357385541293
0.246954233698 0.00361765218611
0.247954233698 0.00366180603337
0.248954233698 0.00370631842758
0.249954233698 0.00375119084227
0.250954233698 0.00379642475162
0.251954233698 0.00384202163052
0.252954233698 0.00388798295453
0.253954233698 0.00393431019991
0.254954233698 0.00398100484366
0.255954233698 0.00402806836347
0.256954233698 0.00407550223783
0.257954233698 0.00412330794639
0.258954233698 0.00417148696918
0.259954233698 0.00422004078677
0.260954233698 0.00426897088057
0.261954233698 0.00431827873277
0.262954233698 0.0043679658264
0.263954233698 0.00441803364534
0.264954233698 0.0044684836743
0.265954233698 0.00451931739887
0.266954233698 0.0045705363055
0.267954233698 0.00462214188151
0.268954233698 0.00467413561514
0.269954233698 0.00472651899553
0.270954233698 0.00477929351274
0.271954233698 0.00483246065777
0.272954233698 0.00488602192255
0.273954233698 0.00493997879999
0.274954233698 0.00499433278396
0.275954233698 0.00504908536931
0.276954233698 0.00510423805109
0.277954233698 0.0051597923259
0.278954233698 0.00521574969193
0.279954233698 0.00527211164836
0.280954233698 0.00532887969543
0.281954233698 0.00538605533437
0.282954233698 0.00544364006752
0.283954233698 0.00550163539827
0.284954233698 0.00556004283111
0.285954233698 0.00561886387163
0.286954233698 0.00567810002659
0.287954233698 0.00573775280386
0.288954233698 0.00579782371249
0.289954233698 0.00585831426274
0.290954233698 0.00591922596604
0.291954233698 0.00598056033507
0.292954233698 0.00604231888374
0.293954233698 0.00610450312722
0.294954233698 0.00616711458198
0.295954233698 0.00623015476613
0.296954233698 0.00629362519902
0.297954233698 0.0063575274009
0.298954233698 0.0064218628934
0.299954233698 0.00648663319955
0.300954233698 0.00655183984381
0.301954233698 0.00661748435204
0.302954233698 0.00668356825157
0.303954233698 0.00675009307121
0.304954233698 0.00681706034124
0.305954233698 0.00688447159345
0.306954233698 0.00695232836118
0.307954233698 0.00702063217927
0.308954233698 0.00708938458419
0.309954233698 0.00715858711393
0.310954233698 0.00722824130814
0.311954233698 0.00729834870806
0.312954233698 0.00736891085659
0.313954233698 0.00743992929832
0.314954233698 0.00751140557949
0.315954233698 0.00758334124808
0.316954233698 0.0076557378538
0.317954233698 0.00772859694809
0.318954233698 0.00780192008405
0.319954233698 0.00787570881555
0.320954233698 0.00794996469943
0.321954233698 0.00802468929464
0.322954233698 0.00809988416202
0.323954233698 0.00817555086424
0.324954233698 0.00825169096584
0.325954233698 0.00832830603332
0.326954233698 0.00840539763509
0.327954233698 0.00848296734151
0.328954233698 0.00856101672496
0.329954233698 0.00863954735983
0.330954233698 0.00871856082254
0.331954233698 0.0087980586916
0.332954233698 0.0088780425476
0.333954233698 0.00895851397327
0.334954233698 0.00903947455348
0.335954233698 0.00912092587528
0.336954233698 0.00920286952794
0.337954233698 0.00928530710295
0.338954233698 0.00936824019408
0.339954233698 0.00945167039737
0.340954233698 0.0095355993112
0.341954233698 0.00962002853629
0.342954233698 0.0097049596757
0.343954233698 0.00979039433487
0.344954233698 0.00987633412178
0.345954233698 0.00996278064683
0.346954233698 0.010049735523
0.347954233698 0.0101372003656
0.348954233698 0.0102251767929
0.349954233698 0.0103136664252
0.350954233698 0.0104026708859
0.351954233698 0.0104921918007
0.352954233698 0.0105822307983
0.353954233698 0.0106727895099
0.354954233698 0.0107638695695
0.355954233698 0.0108554726138
0.356954233698 0.0109476002825
0.357954233698 0.0110402542179
0.358954233698 0.0111334360653
0.359954233698 0.011227147473
0.360954233698 0.0113213900922
0.361954233698 0.0114161655768
0.362954233698 0.0115114755841
0.363954233698 0.0116073217742
0.364954233698 0.0117037058105
0.365954233698 0.0118006293591
0.366954233698 0.0118980940889
0.367954233698 0.0119961016723
0.368954233698 0.0120946537855
0.369954233698 0.0121937521079
0.370954233698 0.012293398322
0.371954233698 0.012393594114
0.372954233698 0.012494341173
0.373954233698 0.0125956411919
0.374954233698 0.0126974958667
0.375954233698 0.012799906897
0.376954233698 0.012902875986
0.377954233698 0.0130064048403
0.378954233698 0.0131104951701
0.379954233698 0.0132151486893
0.380954233698 0.0133203671154
0.381954233698 0.0134261521697
0.382954233698 0.0135325055772
0.383954233698 0.0136394290666
0.384954233698 0.0137469243705
0.385954233698 0.0138549932255
0.386954233698 0.013963637372
0.387954233698 0.0140728585543
0.388954233698 0.0141826585209
0.389954233698 0.014293039024
0.390954233698 0.0144040018204
0.391954233698 0.0145155486706
0.392954233698 0.0146276813395
0.393954233698 0.0147404015961
0.394954233698 0.0148537112137
0.395954233698 0.0149676119655
0.396954233698 0.0150821056321
0.397954233698 0.0151971940007
0.398954233698 0.0153128788633
0.399954233698 0.015429162016
0.400954233698 0.0155460452596
0.401954233698 0.0156635303992
0.402954233698 0.0157816192445
0.403954233698 0.0159003136102
0.404954233698 0.0160196153151
0.405954233698 0.0161395261833
0.406954233698 0.0162600480433
0.407954233698 0.0163811827285
0.408954233698 0.0165029320774
0.409954233698 0.0166252979332
0.410954233698 0.0167482821444
0.411954233698 0.0168718865642
0.412954233698 0.0169961130512
0.413954233698 0.0171209634691
0.414954233698 0.0172464396867
0.415954233698 0.0173725435782
0.416954233698 0.0174992770232
0.417954233698 0.0176266419066
0.418954233698 0.0177546401187
0.419954233698 0.0178832735554
0.420954233698 0.0180125441182
0.421954233698 0.0181424537142
0.422954233698 0.018273004256
0.423954233698 0.0184041976623
0.424954233698 0.0185360358546
0.425954233698 0.0186685207619
0.426954233698 0.0188016543209
0.427954233698 0.0189354384743
0.428954233698 0.0190698751708
0.429954233698 0.0192049663649
0.430954233698 0.0193407140176
0.431954233698 0.0194771200959
0.432954233698 0.019614186573
0.433954233698 0.0197519154284
0.434954233698 0.0198903086481
0.435954233698 0.0200293682246
0.436954233698 0.0201690961567
0.437954233698 0.0203094944498
0.438954233698 0.0204505651162
0.439954233698 0.0205923101747
0.440954233698 0.0207347316508
0.441954233698 0.0208778315772
0.442954233698 0.0210216119931
0.443954233698 0.021166074945
0.444954233698 0.0213112224864
0.445954233698 0.0214570566777
0.446954233698 0.0216035795868
0.447954233698 0.0217507932888
0.448954233698 0.0218986998659
0.449954233698 0.0220473014081
0.450954233698 0.0221966000125
0.451954233698 0.0223465977842
0.452954233698 0.0224972968354
0.453954233698 0.0226486992811
0.454954233698 0.0228008072459
0.455954233698 0.0229536228671
0.456954233698 0.0231071482898
0.457954233698 0.0232613856668
0.458954233698 0.0234163371591
0.459954233698 0.0235720049357
0.460954233698 0.0237283911736
0.461954233698 0.0238854980583
0.462954233698 0.0240433277834
0.463954233698 0.0242018825508
0.464954233698 0.0243611645712
0.465954233698 0.0245211760636
0.466954233698 0.0246819192558
0.467954233698 0.0248433963842
0.468954233698 0.0250056096941
0.469954233698 0.0251685614398
0.470954233698 0.0253322538845
0.471954233698 0.0254966893005
0.472954233698 0.0256618699692
0.473954233698 0.0258277981814
0.474954233698 0.0259944762372
0.475954233698 0.0261619064462
0.476954233698 0.0263300911274
0.477954233698 0.0264990326096
0.478954233698 0.0266687332312
0.479954233698 0.0268391953404
0.480954233698 0.0270104212953
0.481954233698 0.0271824134642
0.482954233698 0.0273551742167
0.483954233698 0.0275287059347
0.484954233698 0.0277030110194
0.485954233698 0.027878091882
0.486954233698 0.0280539509442
0.487954233698 0.028230590638
0.488954233698 0.0284080134058
0.489954233698 0.0285862217008
0.490954233698 0.0287652179867
0.491954233698 0.0289450047381
0.492954233698 0.0291255844406
0.493954233698 0.0293069595908
0.494954233698 0.0294891326964
0.495954233698 0.0296721062763
0.496954233698 0.029855882861
0.497954233698 0.0300404649923
0.498954233698 0.0302258552236
0.499954233698 0.0304120561201
0.500954233698 0.0305990702587
0.501954233698 0.0307869002283
0.502954233698 0.0309755486301
0.503954233698 0.0311650180769
0.504954233698 0.0313553111944
0.505954233698 0.0315464306202
0.506954233698 0.0317383790048
0.507954233698 0.031931159011
0.508954233698 0.0321247733147
0.509954233698 0.0323192246043
0.510954233698 0.0325145155815
0.511954233698 0.0327106489587
0.512954233698 0.0329076274617
0.513954233698 0.0331054538323
0.514954233698 0.0333041308259
0.515954233698 0.0335036612116
0.516954233698 0.0337040477719
0.517954233698 0.0339052933032
0.518954233698 0.0341074006157
0.519954233698 0.0343103725339
0.520954233698 0.0345142118962
0.521954233698 0.0347189215555
0.522954233698 0.034924504379
0.523954233698 0.0351309632487
0.524954233698 0.035338301061
0.525954233698 0.0355465207274
0.526954233698 0.0357556251741
0.527954233698 0.0359656173426
0.528954233698 0.0361765001897
0.529954233698 0.0363882766873
0.530954233698 0.0366009498232
0.531954233698 0.0368145226004
0.532954233698 0.0370289980382
0.533954233698 0.0372443791713
0.534954233698 0.037460669051
0.535954233698 0.0376778707443
0.536954233698 0.037895987335
0.537954233698 0.0381150219232
0.538954233698 0.0383349776256
0.539954233698 0.0385558575759
0.540954233698 0.0387776649112
0.541954233698 0.0390004027829
0.542954233698 0.0392240743803
0.543954233698 0.0394486829101
0.544954233698 0.0396742315961
0.545954233698 0.0399007236794
0.546954233698 0.0401281624184
0.547954233698 0.0403565510896
0.548954233698 0.0405858929869
0.549954233698 0.0408161914226
0.550954233698 0.0410474497271
0.551954233698 0.0412796712489
0.552954233698 0.0415128593555
0.553954233698 0.0417470174328
0.554954233698 0.0419821488859
0.555954233698 0.0422182571386
0.556954233698 0.0424553456345
0.557954233698 0.0426934178363
0.558954233698 0.0429324772263
0.559954233698 0.043172527307
0.560954233698 0.0434135716005
0.561954233698 0.0436556136493
0.562954233698 0.0438986570164
0.563954233698 0.0441427052851
0.564954233698 0.0443877620597
0.565954233698 0.0446338309652
0.566954233698 0.044880915648
0.567954233698 0.0451290197757
0.568954233698 0.0453781470374
0.569954233698 0.0456283011193
0.570954233698 0.0458794857158
0.571954233698 0.0461317045913
0.572954233698 0.0463849615323
0.573954233698 0.0466392603469
0.574954233698 0.0468946048653
0.575954233698 0.0471509989397
0.576954233698 0.0474084464448
0.577954233698 0.0476669512779
0.578954233698 0.0479265173591
0.579954233698 0.0481871486317
0.580954233698 0.0484488490626
0.581954233698 0.048711622642
0.582954233698 0.048975473384
0.583954233698 0.0492404053271
0.584954233698 0.0495064225338
0.585954233698 0.0497735290914
0.586954233698 0.0500417291121
0.587954233698 0.0503110267331
0.588954233698 0.0505814261168
0.589954233698 0.0508529314516
0.590954233698 0.0511255469512
0.591954233698 0.0513992768559
0.592954233698 0.0516741254321
0.593954233698 0.0519500969726
0.594954233698 0.0522271957974
0.595954233698 0.0525054262533
0.596954233698 0.0527847927147
0.597954233698 0.0530652995833
0.598954233698 0.0533469512319
0.599954233698 0.0536297520111
0.600954233698 0.0539137064296
0.601954233698 0.0541988190267
0.602954233698 0.0544850943685
0.603954233698 0.054772537048
0.604954233698 0.0550611516858
0.605954233698 0.0553509429302
0.606954233698 0.0556419154577
0.607954233698 0.0559340739734
0.608954233698 0.0562274232111
0.609954233698 0.0565219679342
0.610954233698 0.0568177129356
0.611954233698 0.057114663038
0.612954233698 0.0574128230949
0.613954233698 0.0577121979901
0.614954233698 0.0580127926386
0.615954233698 0.0583146119871
0.616954233698 0.0586176610138
0.617954233698 0.058921944729
0.618954233698 0.0592274681756
0.619954233698 0.0595342364295
0.620954233698 0.0598422545994
0.621954233698 0.060151527828
0.622954233698 0.0604620612914
0.623954233698 0.0607738602003
0.624954233698 0.0610869297999
0.625954233698 0.0614012753702
0.626954233698 0.0617169022265
0.627954233698 0.0620338156461
0.628954233698 0.062352020847
0.629954233698 0.0626715232824
0.630954233698 0.062992328449
0.631954233698 0.063314441877
0.632954233698 0.063637869131
0.633954233698 0.0639626158103
0.634954233698 0.0642886875494
0.635954233698 0.0646160900189
0.636954233698 0.0649448289253
0.637954233698 0.0652749100122
0.638954233698 0.0656063390602
0.639954233698 0.065939121888
0.640954233698 0.0662732643524
0.641954233698 0.0666087723488
0.642954233698 0.0669456518122
0.643954233698 0.067283908717
0.644954233698 0.0676235490778
0.645954233698 0.0679645789501
0.646954233698 0.0683070044302
0.647954233698 0.0686508316562
0.648954233698 0.0689960668081
0.649954233698 0.0693427161087
0.650954233698 0.0696907858233
0.651954233698 0.0700402822609
0.652954233698 0.0703912117745
0.653954233698 0.0707435807612
0.654954233698 0.0710973956629
0.655954233698 0.0714526629668
0.656954233698 0.0718093892157
0.657954233698 0.0721675810164
0.658954233698 0.0725272449904
0.659954233698 0.0728883878045
0.660954233698 0.0732510161735
0.661954233698 0.0736151368606
0.662954233698 0.0739807566778
0.663954233698 0.0743478824864
0.664954233698 0.0747165211974
0.665954233698 0.0750866797716
0.666954233698 0.0754583652208
0.667954233698 0.0758315846074
0.668954233698 0.0762063450453
0.669954233698 0.0765826537002
0.670954233698 0.0769605177901
0.671954233698 0.0773399445856
0.672954233698 0.0777209414105
0.673954233698 0.0781035156421
0.674954233698 0.0784876747118
0.675954233698 0.0788734261054
0.676954233698 0.0792607773637
0.677954233698 0.0796497360827
0.678954233698 0.0800403099145
0.679954233698 0.0804325065672
0.680954233698 0.0808263338061
0.681954233698 0.0812217994532
0.682954233698 0.0816189113887
0.683954233698 0.0820176775508
0.684954233698 0.0824181059363
0.685954233698 0.0828202046373
0.686954233698 0.0832239818916
0.687954233698 0.0836294458617
0.688954233698 0.0840366047594
0.689954233698 0.0844454668602
0.690954233698 0.0848560405033
0.691954233698 0.0852683340919
0.692954233698 0.0856823560941
0.693954233698 0.0860981150429
0.694954233698 0.0865156195369
0.695954233698 0.0869348782407
0.696954233698 0.0873558998853
0.697954233698 0.0877786932684
0.698954233698 0.0882032672552
0.699954233698 0.088629630779
0.700954233698 0.0890577928412
0.701954233698 0.0894877625121
0.702954233698 0.0899195489316
0.703954233698 0.0903531613093
0.704954233698 0.0907886089256
0.705954233698 0.0912259011317
0.706954233698 0.0916650473507
0.707954233698 0.0921060570777
0.708954233698 0.0925489398807
0.709954233698 0.0929937054013
0.710954233698 0.0934403631842
0.711954233698 0.0938889234366
0.712954233698 0.0943393959843
0.713954233698 0.0947917907285
0.714954233698 0.0952461176503
0.715954233698 0.0957023868104
0.716954233698 0.0961606083499
0.717954233698 0.0966207924911
0.718954233698 0.0970829495374
0.719954233698 0.0975470898744
0.720954233698 0.0980132239703
0.721954233698 0.0984813623761
0.722954233698 0.0989515157267
0.723954233698 0.0994236947413
0.724954233698 0.0998979102238
0.725954233698 0.100374173064
0.726954233698 0.100852494236
0.727954233698 0.101332884805
0.728954233698 0.101815355917
0.729954233698 0.102299918813
0.730954233698 0.102786584818
0.731954233698 0.103275365348
0.732954233698 0.103766271908
0.733954233698 0.104259316097
0.734954233698 0.104754509602
0.735954233698 0.105251864204
0.736954233698 0.105751391803
0.737954233698 0.106253104585
0.738954233698 0.10675701462
0.739954233698 0.107263134022
0.740954233698 0.107771475002
0.741954233698 0.108282049876
0.742954233698 0.108794871056
0.743954233698 0.10930995106
0.744954233698 0.109827302509
0.745954233698 0.110346938123
0.746954233698 0.11086887073
0.747954233698 0.111393113262
0.748954233698 0.111919678756
0.749954233698 0.112448580355
0.750954233698 0.11297983131
0.751954233698 0.113513444979
0.752954233698 0.114049434829
0.753954233698 0.114587814436
0.754954233698 0.115128597488
0.755954233698 0.115671797782
0.756954233698 0.116217429229
0.757954233698 0.116765505852
0.758954233698 0.117316041786
0.759954233698 0.117869051285
0.760954233698 0.118424548716
0.761954233698 0.118982548562
0.762954233698 0.119543065572
0.763954233698 0.120106114721
0.764954233698 0.120671710788
0.765954233698 0.121239868672
0.766954233698 0.1218106034
0.767954233698 0.122383930123
0.768954233698 0.122959864124
0.769954233698 0.123538420816
0.770954233698 0.12411961574
0.771954233698 0.12470346457
0.772954233698 0.125289983112
0.773954233698 0.125879187306
0.774954233698 0.126471093224
0.775954233698 0.127065717076
0.776954233698 0.127663075205
0.777954233698 0.128263184093
0.778954233698 0.128866060361
0.779954233698 0.129471720766
0.780954233698 0.130080182208
0.781954233698 0.130691461728
0.782954233698 0.131305576508
0.783954233698 0.131922543876
0.784954233698 0.132542381302
0.785954233698 0.133165106404
0.786954233698 0.133790736946
0.787954233698 0.134419290855
0.788954233698 0.135050786583
0.789954233698 0.135685242459
0.790954233698 0.136322676759
0.791954233698 0.136963107919
0.792954233698 0.137606554539
0.793954233698 0.138253035382
0.794954233698 0.138902569373
0.795954233698 0.139555175604
0.796954233698 0.140210873335
0.797954233698 0.140869681989
0.798954233698 0.141531621161
0.799954233698 0.142196710616
0.800954233698 0.142864970289
0.801954233698 0.143536420285
0.802954233698 0.144211080887
0.803954233698 0.144888972549
0.804954233698 0.145570115903
0.805954233698 0.146254531759
0.806954233698 0.146942241104
0.807954233698 0.147633265106
0.808954233698 0.148327625115
0.809954233698 0.149025342664
0.810954233698 0.149726439471
0.811954233698 0.15043093744
0.812954233698 0.151138858662
0.813954233698 0.151850225554
0.814954233698 0.152565061103
0.815954233698 0.153283387923
0.816954233698 0.154005228764
0.817954233698 0.154730606583
0.818954233698 0.155459544543
0.819954233698 0.156192066015
0.820954233698 0.156928194579
0.821954233698 0.157667954027
0.822954233698 0.15841136836
0.823954233698 0.159158461797
0.824954233698 0.159909258768
0.825954233698 0.160663783923
0.826954233698 0.161422062128
0.827954233698 0.162184118471
0.828954233698 0.162949978259
0.829954233698 0.163719667025
0.830954233698 0.164493210525
0.831954233698 0.165270634742
0.832954233698 0.16605196589
0.833954233698 0.166837230411
0.834954233698 0.16762645498
0.835954233698 0.168419666508
0.836954233698 0.169216892139
0.837954233698 0.170018159258
0.838954233698 0.17082349549
0.839954233698 0.171632929279
0.840954233698 0.172446489213
0.841954233698 0.173264203473
0.842954233698 0.174086100504
0.843954233698 0.174912209014
0.844954233698 0.17574255798
0.845954233698 0.17657717665
0.846954233698 0.177416094539
0.847954233698 0.178259341438
0.848954233698 0.179106947408
0.849954233698 0.17995894279
0.850954233698 0.180815358201
0.851954233698 0.181676224537
0.852954233698 0.18254157298
0.853954233698 0.18341143499
0.854954233698 0.184285842318
0.855954233698 0.185164827002
0.856954233698 0.186048421369
0.857954233698 0.18693665804
0.858954233698 0.187829569932
0.859954233698 0.188727190258
0.860954233698 0.189629552531
0.861954233698 0.190536690567
0.862954233698 0.191448638487
0.863954233698 0.192365430721
0.864954233698 0.193287102041
0.865954233698 0.194213687841
0.866954233698 0.195145223512
0.867954233698 0.196081744667
0.868954233698 0.19702328725
0.869954233698 0.197969887535
0.870954233698 0.198921582125
0.871954233698 0.199878407963
0.872954233698 0.200840402328
0.873954233698 0.201807602839
0.874954233698 0.20278004746
0.875954233698 0.203757774505
0.876954233698 0.204740822632
0.877954233698 0.205729230858
0.878954233698 0.206723038552
0.879954233698 0.207722285446
0.880954233698 0.208727011631
0.881954233698 0.209737257568
0.882954233698 0.210753064084
0.883954233698 0.211774472435
0.884954233698 0.212801524356
0.885954233698 0.21383426177
0.886954233698 0.214872726973
0.887954233698 0.215916962655
0.888954233698 0.216967011899
0.889954233698 0.218022918192
0.890954233698 0.219084725421
0.891954233698 0.22015247788
0.892954233698 0.221226220276
0.893954233698 0.222305997727
0.894954233698 0.223391855771
0.895954233698 0.224483840366
0.896954233698 0.225581997897
0.897954233698 0.226686375179
0.898954233698 0.22779701946
0.899954233698 0.228913978425
0.900954233698 0.230037300204
0.901954233698 0.23116703337
0.902954233698 0.232303227182
0.903954233698 0.233445931363
0.904954233698 0.234595195741
0.905954233698 0.235751070624
0.906954233698 0.236913606797
0.907954233698 0.238082855532
0.908954233698 0.23925886859
0.909954233698 0.240441698225
0.910954233698 0.241631397185
0.911954233698 0.242828018724
0.912954233698 0.244031616598
0.913954233698 0.245242245074
0.914954233698 0.246459958936
0.915954233698 0.247684813482
0.916954233698 0.24891686454
0.917954233698 0.250156168462
0.918954233698 0.251402782136
0.919954233698 0.252656762988
0.920954233698 0.253918169001
0.921954233698 0.255187059125
0.922954233698 0.256463492537
0.923954233698 0.257747528737
0.924954233698 0.259039227804
0.925954233698 0.260338650403
0.926954233698 0.261645857792
0.927954233698 0.262960911819
0.928954233698 0.264283874934
0.929954233698 0.265614810193
0.930954233698 0.266953781258
0.931954233698 0.268300852411
0.932954233698 0.26965608855
0.933954233698 0.271019555201
0.934954233698 0.272391318521
0.935954233698 0.273771445306
0.936954233698 0.275160002992
0.937954233698 0.276557059666
0.938954233698 0.277962684072
0.939954233698 0.279376945843
0.940954233698 0.280799916503
0.941954233698 0.282231666692
0.942954233698 0.283672267441
0.943954233698 0.285121790516
0.944954233698 0.286580308425
0.945954233698 0.288047894417
0.946954233698 0.289524622489
0.947954233698 0.291010567388
0.948954233698 0.292505804622
0.949954233698 0.294010410455
0.950954233698 0.29552446192
0.951954233698 0.29704803682
0.952954233698 0.298581213737
0.953954233698 0.300124072032
0.954954233698 0.301676691857
0.955954233698 0.303239154157
0.956954233698 0.304811540679
0.957954233698 0.306393933974
0.958954233698 0.307986418865
0.959954233698 0.309589082741
0.960954233698 0.311202009722
0.961954233698 0.312825284676
0.962954233698 0.314458993433
0.963954233698 0.31610322279
0.964954233698 0.317758060503
0.965954233698 0.319423595297
0.966954233698 0.321099916856
0.967954233698 0.322787115838
0.968954233698 0.324485283863
0.969954233698 0.326194513528
0.970954233698 0.3279148984
0.971954233698 0.329646533025
0.972954233698 0.331389512931
0.973954233698 0.333143934632
0.974954233698 0.334909895629
0.975954233698 0.336687494424
0.976954233698 0.338476830514
0.977954233698 0.340278004072
0.978954233698 0.34209111638
0.979954233698 0.343916270114
0.980954233698 0.345753568963
0.981954233698 0.347603117638
0.982954233698 0.349465021877
0.983954233698 0.351339388462
0.984954233698 0.353226325222
0.985954233698 0.355125941046
0.986954233698 0.357038345898
0.987954233698 0.358963650821
0.988954233698 0.360901967955
0.989954233698 0.362853410546
0.990954233698 0.364818092961
0.991954233698 0.366796130696
0.992954233698 0.368787640398
0.993954233698 0.37079273987
0.994954233698 0.37281154809
0.995954233698 0.374844185133
0.996954233698 0.376890770715
0.997954233698 0.378951427222
0.998954233698 0.381026278958
0.999954233698 0.383115451424
1.0009542337 0.385219071337
1.0019542337 0.387337266648
1.0029542337 0.389470166567
1.0039542337 0.391617901583
1.0049542337 0.393780603485
1.0059542337 0.395958405386
1.0069542337 0.398151441744
1.0079542337 0.400359848383
1.0089542337 0.402583762521
1.0099542337 0.40482332279
1.0109542337 0.407078662832
1.0119542337 0.409349930832
1.0129542337 0.411637266614
1.0139542337 0.41394081512
1.0149542337 0.416260722696
1.0159542337 0.418597137114
1.0169542337 0.420950207602
1.0179542337 0.42332008486
1.0189542337 0.425706921092
1.0199542337 0.428110870025
1.0209542337 0.430532086937
1.0219542337 0.432970728676
1.0229542337 0.435426953689
1.0239542337 0.437900922046
1.0249542337 0.440392795319
1.0259542337 0.442902734446
1.0269542337 0.445430904301
1.0279542337 0.447977472492
1.0289542337 0.450542608269
1.0299542337 0.453126482553
1.0309542337 0.455729267963
1.0319542337 0.45835113885
1.0329542337 0.46099227132
1.0339542337 0.463652843272
1.0349542337 0.466333034417
1.0359542337 0.469033026317
1.0369542337 0.471753002409
1.0379542337 0.474493148036
1.0389542337 0.477253650474
1.0399542337 0.480034697308
1.0409542337 0.482836476726
1.0419542337 0.485659183126
1.0429542337 0.488503012963
1.0439542337 0.491368164627
1.0449542337 0.494254838475
1.0459542337 0.497163236876
1.0469542337 0.500093564243
1.0479542337 0.503046027069
1.0489542337 0.506020833971
1.0499542337 0.509018195719
1.0509542337 0.512038325279
1.0519542337 0.515081437849
1.0529542337 0.518147750894
1.0539542337 0.521237483257
1.0549542337 0.52435084108
1.0559542337 0.527488047534
1.0569542337 0.530649334831
1.0579542337 0.533834936976
1.0589542337 0.537045089838
1.0599542337 0.54028003122
1.0609542337 0.543540000933
1.0619542337 0.546825240863
1.0629542337 0.550135995047
1.0639542337 0.55347250974
1.0649542337 0.55683503349
1.0659542337 0.560223817205
1.0669542337 0.563639114229
1.0679542337 0.567081180409
1.0689542337 0.570550273755
1.0699542337 0.574046654577
1.0709542337 0.57757058695
1.0719542337 0.581122337738
1.0729542337 0.584702176629
1.0739542337 0.588310376209
1.0749542337 0.591947212033
1.0759542337 0.595612962699
1.0769542337 0.599307909924
1.0779542337 0.603032338612
1.0789542337 0.606786536931
1.0799542337 0.610570796386
1.0809542337 0.61438541189
1.0819542337 0.618230681839
1.0829542337 0.622106908658
1.0839542337 0.62601440602
1.0849542337 0.629953483869
1.0859542337 0.63392445258
1.0869542337 0.637927626708
1.0879542337 0.641963325052
1.0889542337 0.646031870703
1.0899542337 0.650133591107
1.0909542337 0.654268818114
1.0919542337 0.658437858456
1.0929542337 0.662641101751
1.0939542337 0.666878869814
1.0949542337 0.671151506318
1.0959542337 0.675459359472
1.0969542337 0.679802782027
1.0979542337 0.684182131271
1.0989542337 0.688597769029
1.0999542337 0.693050061678
1.1009542337 0.697539386206
1.1019542337 0.702066120496
1.1029542337 0.706630640854
1.1039542337 0.711233328644
1.1049542337 0.715874570287
1.1059542337 0.720554757263
1.1069542337 0.725274286111
1.1079542337 0.730033558427
1.1089542337 0.734832984472
1.1099542337 0.739673001555
1.1109542337 0.744554020803
1.1119542337 0.749476452445
1.1129542337 0.754440713503
1.1139542337 0.759447227786
1.1149542337 0.764496425895
1.1159542337 0.769588745219
1.1169542337 0.77472462994
1.1179542337 0.779904543732
1.1189542337 0.785128962693
1.1199542337 0.790398339435
1.1209542337 0.795713134257
1.1219542337 0.801073815995
1.1229542337 0.806480862025
1.1239542337 0.811934758264
1.1249542337 0.817435999167
1.1259542337 0.822985086903
1.1269542337 0.828582505889
1.1279542337 0.834228774136
1.1289542337 0.839924433838
1.1299542337 0.845670033766
1.1309542337 0.851465910542
1.1319542337 0.857312804277
1.1329542337 0.863211189733
1.1339542337 0.869161626353
1.1349542337 0.875164664079
1.1359542337 0.881220830913
1.1369542337 0.887330709792
1.1379542337 0.89349489001
1.1389542337 0.89971395961
1.1399542337 0.905988487132
1.1409542337 0.912319067991
1.1419542337 0.918706309262
1.1429542337 0.92515081802
1.1439542337 0.931653055852
1.1449542337 0.938213565835
1.1459542337 0.944833129268
1.1469542337 0.95151252788
1.1479542337 0.958252543401
1.1489542337 0.965054031541
1.1499542337 0.97191788214
1.1509542337 0.978842909818
1.1519542337 0.985831663173
1.1529542337 0.992884268942
1.1539542337 1.0
