128
2
0.0306101106917
-1.0 0.0 5.7418038358e-07 0.0 1.69602275996e-05 0.0 0.0 0.0 4.72263365494e-07
-0.999698818696 0.0 6.68318883e-07 0.0 1.69586820561e-05 6.41951548241e-08 0.0 0.0 4.72184773322e-07
-0.998795456205 0.0 9.5094530336e-07 0.0 1.69585803136e-05 2.56747281075e-07 0.0 0.0 4.72075294586e-07
-0.997290456679 0.0 1.42232236884e-06 0.0 1.69612197153e-05 5.77588323289e-07 0.0 0.0 4.71971068072e-07
-0.995184726672 0.0 2.08311196028e-06 0.0 1.6970799504e-05 1.02671098503e-06 0.0 0.0 4.71988870131e-07
-0.992479534599 0.0 2.93456463028e-06 0.0 1.69931728154e-05 1.60432679108e-06 0.0 0.0 4.7229110151e-07
-0.989176509965 0.0 3.97884199124e-06 0.0 1.70358289168e-05 2.31108520635e-06 0.0 0.0 4.73084929441e-07
-0.985277642389 0.0 5.21943004768e-06 0.0 1.7107882197e-05 3.14835233239e-06 0.0 0.0 4.7462151824e-07
-0.980785280403 0.0 6.66164396124e-06 0.0 1.72200752518e-05 4.11854791626e-06 0.0 0.0 4.77195553371e-07
-0.975702130039 0.0 8.31322661943e-06 0.0 1.73848059542e-05 5.22554034283e-06 0.0 0.0 4.81145331638e-07
-0.970031253195 0.0 1.01850459324e-05 0.0 1.76161893575e-05 6.47510070733e-06 0.0 0.0 4.86853712352e-07
-0.963776065795 0.0 1.22918995507e-05 0.0 1.79301664919e-05 7.87541929076e-06 0.0 0.0 4.94750251423e-07
-0.956940335732 0.0 1.46534404308e-05 0.0 1.83446729595e-05 9.4376906033e-06 0.0 0.0 5.05314855426e-07
-0.949528180593 0.0 1.72952427921e-05 0.0 1.88798818916e-05 1.11767768451e-05 0.0 0.0 5.19083328067e-07
-0.941544065183 0.0 2.02500355025e-05 0.0 1.95585372975e-05 1.31119641352e-05 0.0 0.0 5.36655208955e-07
-0.932992798835 0.0 2.35591390596e-05 0.0 2.0406395499e-05 1.52678312946e-05 0.0 0.0 5.58704335042e-07
-0.923879532511 0.0 2.72741532124e-05 0.0 2.14527943026e-05 1.7675257353e-05 0.0 0.0 5.85992590324e-07
-0.914209755704 0.0 3.14589552678e-05 0.0 2.27313735072e-05 2.03726014249e-05 0.0 0.0 6.19387395818e-07
-0.903989293123 0.0 3.61920849606e-05 0.0 2.42809734802e-05 2.34070976264e-05 0.0 0.0 6.59883551177e-07
-0.893224301196 0.0 4.15696101615e-05 0.0 2.61467440952e-05 2.68365179272e-05 0.0 0.0 7.0863015978e-07
-0.881921264348 0.0 4.77085905695e-05 0.0 2.8381502361e-05 3.07311684597e-05 0.0 0.0 7.66963495591e-07
-0.870086991109 0.0 5.4751283195e-05 0.0 3.104738544e-05 3.51762991931e-05 0.0 0.0 8.36446851501e-07
-0.85772861 0.0 6.28702668044e-05 0.0 3.42178556841e-05 4.0275024813e-05 0.0 0.0 9.18918621835e-07
-0.84485356525 0.0 7.22747018835e-05 0.0 3.79801263855e-05 4.61518754467e-05 0.0 0.0 1.01655012922e-06
-0.831469612303 0.0 8.3217991687e-05 0.0 4.24380919606e-05 5.29571216425e-05 0.0 0.0 1.13191502663e-06
-0.817584813152 0.0 9.60071686334e-05 0.0 4.77158639222e-05 6.08720484819e-05 0.0 0.0 1.26807247578e-06
-0.803207531481 0.0 0.000111014402699 0.0 5.3962035874e-05 7.01153910897e-05 0.0 0.0 1.42866676244e-06
-0.788346427627 0.0 0.000128691115944 0.0 6.13548256648e-05 8.09511885613e-05 0.0 0.0 1.61804651822e-06
-0.773010453363 0.0 0.000149585293943 0.0 7.01082734528e-05 9.36983674871e-05 0.0 0.0 1.84140734331e-06
-0.757208846506 0.0 0.000174362714173 0.0 8.04797095476e-05 0.000108742431396 0.0 0.0 2.10496232388e-06
-0.740951125355 0.0 0.000203832967506 0.0 9.2778747544e-05 0.000126549710431 0.0 0.0 2.41614575732e-06
-0.724247082951 0.0 0.000238981337378 0.0 0.000107378106152 0.00014768471891 0.0 0.0 2.78385631886e-06
-0.707106781187 0.0 0.000281007826704 0.0 0.000124726618734 0.000172831279103 0.0 0.0 3.21874695265e-06
-0.689540544737 0.0 0.000331374892572 0.0 0.000145364852847 0.000202818200767 0.0 0.0 3.73356993394e-06
-0.671558954847 0.0 0.00039186576859 0.0 0.000169943833728 0.000238650459811 0.0 0.0 4.34358683034e-06
-0.653172842954 0.0 0.000464655633097 0.0 0.000199247445675 0.000281546999381 0.0 0.0 5.06705447555e-06
-0.634393284164 0.0 0.000552398324146 0.0 0.000234219173618 0.000332986484598 0.0 0.0 5.92579954096e-06
-0.615231590581 0.0 0.00065833181801 0.0 0.000275993942332 0.000394762581332 0.0 0.0 6.94589579673e-06
-0.595699304492 0.0 0.000786406281443 0.0 0.00032593591118 0.000469050600397 0.0 0.0 8.158459642e-06
-0.575808191418 0.0 0.000941439185696 0.0 0.000385683185736 0.000558487653065 0.0 0.0 9.60058088783e-06
-0.55557023302 0.0 0.00112930273335 0.0 0.000457200507403 0.00066626880022 0.0 0.0 1.13164069231e-05
-0.534997619887 0.0 0.00135714969563 0.0 0.000542841074308 0.000796262042493 0.0 0.0 1.33583991906e-05
-0.514102744193 0.0 0.0016336846814 0.0 0.000645418721129 0.000953145386648 0.0 0.0 1.57887811122e-05
-0.49289819223 0.0 0.00196948884291 0.0 0.000768291729091 0.00114256962322 0.0 0.0 1.86811959418e-05
-0.471396736826 0.0 0.0023774070416 0.0 0.000915459536486 0.00137135084613 0.0 0.0 2.21225912124e-05
-0.449611329655 0.0 0.00287300750961 0.0 0.00109167355492 0.00164769711433 0.0 0.0 2.6215343088e-05
-0.42755509343 0.0 0.00347512499188 0.0 0.00130256314119 0.00198147396789 0.0 0.0 3.10796285246e-05
-0.405241314005 0.0 0.00420649915906 0.0 0.00155477750287 0.00238451372436 0.0 0.0 3.68560452187e-05
-0.382683432365 0.0 0.00509452063935 0.0 0.00185614389205 0.00287097354539 0.0 0.0 4.37084682743e-05
-0.359895036535 0.0 0.00617209719133 0.0 0.00221584182871 0.00345774711194 0.0 0.0 5.18271177151e-05
-0.336889853392 0.0 0.00747865216261 0.0 0.00264459225112 0.0041649343016 0.0 0.0 6.14317918146e-05
-0.313681740399 0.0 0.00906126624571 0.0 0.00315485937182 0.00501637242984 0.0 0.0 7.27751970966e-05
-0.290284677254 0.0 0.0109759714126 0.0 0.00376106158215 0.00604023129417 0.0 0.0 8.61462763213e-05
-0.266712757475 0.0 0.0132892025101 0.0 0.00447978595747 0.00726967232846 0.0 0.0 0.000101873400499
-0.242980179903 0.0 0.0160794070257 0.0 0.0053299987408 0.00874356951151 0.0 0.0 0.000120327249969
-0.219101240157 0.0 0.0194388066771 0.0 0.00633324161309 0.0105072861567 0.0 0.0 0.000141923163269
-0.195090322016 0.0 0.0234752954157 0.0 0.00751380060728 0.0126134972248 0.0 0.0 0.000167122681822
-0.17096188876 0.0 0.0283144468936 0.0 0.0088988312346 0.0151230412585 0.0 0.0 0.000196433965127
-0.146730474455 0.0 0.0341015901988 0.0 0.0105184198569 0.0181057793868 0.0 0.0 0.000230410697538
-0.122410675199 0.0 0.0410038956061 0.0 0.0124055577034 0.0216414310914 0.0 0.0 0.000269649057474
-0.0980171403296 0.0 0.0492123922809 0.0 0.0145960004001 0.0258203476641 0.0 0.0 0.000314782277467
-0.0735645635997 0.0 0.0589438175804 0.0 0.0171279827347 0.0307441746997 0.0 0.0 0.000366472294441
-0.0490676743274 0.0 0.0704421733846 0.0 0.0200417559803 0.0365263448966 0.0 0.0 0.00042539798074
-0.0245412285229 0.0 0.0839798396757 0.0 0.0233789138612 0.0432923323526 0.0 0.0 0.000492239465015
-6.12323399574e-17 0.0 0.0998580706699 0.0 0.0271814736743 0.0511795900953 0.0 0.0 0.000567658106051
0.0245412285229 0.0 0.118406675958 0.0 0.0314906816918 0.0603370845997 0.0 0.0 0.00065227177983
0.0490676743274 0.0 0.139982670523 0.0 0.0363455173256 0.0709243355131 0.0 0.0 0.000746625287515
0.0735645635997 0.0 0.164967665779 0.0 0.0417808791294 0.0831098668659 0.0 0.0 0.000851155894955
0.0980171403296 0.0 0.193763771907 0.0 0.0478254479705 0.0970689789254 0.0 0.0 0.000966154275305
0.122410675199 0.0 0.22678779282 0.0 0.0544992388703 0.112980758801 0.0 0.0 0.00109172144423
0.146730474455 0.0 0.264463522235 0.0 0.0618108731101 0.1310242641 0.0 0.0 0.00122772264553
0.17096188876 0.0 0.307211995359 0.0 0.0697546259115 0.151373838322 0.0 0.0 0.00137373955197
0.195090322016 0.0 0.355439617725 0.0 0.0783073316512 0.174193549868 0.0 0.0 0.00152902257234
0.219101240157 0.0 0.409524181868 0.0 0.0874252570068 0.199630788653 0.0 0.0 0.00169244547664
0.242980179903 0.0 0.469798893523 0.0 0.0970410810626 0.227809104662 0.0 0.0 0.00186246493366
0.266712757475 0.0 0.536534659595 0.0 0.10706114816 0.258820430205 0.0 0.0 0.00203708786307
0.290284677254 0.0 0.609921036144 0.0 0.117363181727 0.292716889544 0.0 0.0 0.00221384969661
0.313681740399 0.0 0.690046389342 0.0 0.127794662764 0.329502463092 0.0 0.0 0.00238980667991
0.336889853392 0.0 0.776877977007 0.0 0.138172082266 0.369124834191 0.0 0.0 0.00256154519105
0.359895036535 0.0 0.870242801903 0.0 0.148281270167 0.411467799942 0.0 0.0 0.00272521067501
0.382683432365 0.0 0.96981020812 0.0 0.157878982005 0.456344668374 0.0 0.0 0.00287655817834
0.405241314005 0.0 1.07507727518 0.0 0.166695887343 0.503493087109 0.0 0.0 0.00301102561432
0.42755509343 0.0 1.18535809829 0.0 0.174441050396 0.552571748666 0.0 0.0 0.00312382981617
0.449611329655 0.0 1.29977801563 0.0 0.180807924581 0.603159390562 0.0 0.0 0.00321008418449
0.471396736826 0.0 1.41727374677 0.0 0.185481801015 0.654756451898 0.0 0.0 0.00326493536907
0.49289819223 0.0 1.53660023487 0.0 0.188148560503 0.7067896613 0.0 0.0 0.00328371502662
0.514102744193 0.0 1.65634474125 0.0 0.188504484509 0.758619715688 0.0 0.0 0.00326210136357
0.534997619887 0.0 1.77494842996 0.0 0.186266789557 0.809552069341 0.0 0.0 0.00319628401294
0.55557023302 0.0 1.8907353165 0.0 0.181184468611 0.858850694822 0.0 0.0 0.00308312491367
0.575808191418 0.0 2.00194805676 0.0 0.173048959527 0.905754510402 0.0 0.0 0.00292030735438
0.595699304492 0.0 2.10678964536 0.0 0.161704121413 0.949496003309 0.0 0.0 0.0027064652887
0.615231590581 0.0 2.20346970316 0.0 0.147054990088 0.989321426113 0.0 0.0 0.00244128547176
0.634393284164 0.0 2.29025369209 0.0 0.129074807434 1.02451181658 0.0 0.0 0.00212557591596
0.653172842954 0.0 2.36551312857 0.0 0.10780987734 1.05440400013 0.0 0.0 0.00176129558893
0.671558954847 0.0 2.42777469953 0.0 0.0833818915371 1.07841068737 0.0 0.0 0.00135154210402
0.689540544737 0.0 2.47576613478 0.0 0.0559874874913 1.09603878318 0.0 0.0 0.000900496274792
0.707106781187 0.0 2.50845676644 0.0 0.0258949405254 1.10690508004 0.0 0.0 0.00041332467995
0.724247082951 0.0 2.52509090989 0.0 -0.00656195561651 1.11074861611 0.0 0.0 -0.000103956341479
0.740951125355 0.0 2.52521252219 0.0 -0.0409926120407 1.1074391309 0.0 0.0 -0.000644649736847
0.757208846506 0.0 2.50868001305 0.0 -0.0769606200702 1.09698124005 0.0 0.0 -0.00120157250741
0.773010453363 0.0 2.47567057375 0.0 -0.113996502888 1.0795141624 0.0 0.0 -0.00176726752649
0.788346427627 0.0 2.42667391708 0.0 -0.151611672443 1.05530705399 0.0 0.0 -0.00233422292511
0.803207531481 0.0 2.36247585183 0.0 -0.189312960944 1.02475021905 0.0 0.0 -0.00289508933466
0.817584813152 0.0 2.28413261092 0.0 -0.226617075883 0.988342664405 0.0 0.0 -0.00344288563687
0.831469612303 0.0 2.19293728339 0.0 -0.263064346999 0.946676627172 0.0 0.0 -0.00397118477684
0.84485356525 0.0 2.09038003774 0.0 -0.298231190334 0.900419828011 0.0 0.0 -0.00447427256038
0.85772861 0.0 1.97810405169 0.0 -0.331740803104 0.850296276411 0.0 0.0 -0.00494727406699
0.870086991109 0.0 1.85785917032 0.0 -0.363271715931 0.797066478547 0.0 0.0 -0.00538624422911
0.881921264348 0.0 1.73145530182 0.0 -0.392563956903 0.741507873761 0.0 0.0 -0.00578822111319
0.893224301196 0.0 1.60071743593 0.0 -0.419422715358 0.684396257497 0.0 0.0 -0.00615124235294
0.903989293123 0.0 1.4674439515 0.0 -0.443719522828 0.626488844188 0.0 0.0 -0.00647432690781
0.914209755704 0.0 1.33336958773 0.0 -0.465391085973 0.568509492813 0.0 0.0 -0.00675742575635
0.923879532511 0.0 1.20013411295 0.0 -0.484436004938 0.51113647103 0.0 0.0 -0.00700134621982
0.932992798835 0.0 1.06925736237 0.0 -0.500909685829 0.454992981516 0.0 0.0 -0.00720765531334
0.941544065183 0.0 0.942120954477 0.0 -0.51491780566 0.400640526039 0.0 0.0 -0.00737856784151
0.949528180593 0.0 0.819956657468 0.0 -0.526608711881 0.348575047079 0.0 0.0 -0.00751682491907
0.956940335732 0.0 0.703841078671 0.0 -0.536165138399 0.299225669799 0.0 0.0 -0.00762556825416
0.963776065795 0.0 0.594696102874 0.0 -0.543795598946 0.252955772907 0.0 0.0 -0.0077082149482
0.970031253195 0.0 0.493294317009 0.0 -0.549725781227 0.210066047518 0.0 0.0 -0.00776833681335
0.975702130039 0.0 0.400268530069 0.0 -0.554190216413 0.170799158484 0.0 0.0 -0.00780954736108
0.980785280403 0.0 0.316124426106 0.0 -0.557424443211 0.135345601223 0.0 0.0 -0.0078353987425
0.985277642389 0.0 0.241255368771 0.0 -0.559657828752 0.103850346085 0.0 0.0 -0.00784929008416
0.989176509965 0.0 0.175958400199 0.0 -0.56110715411 0.0764198780496 0.0 0.0 -0.00785438791021
0.992479534599 0.0 0.120450535898 0.0 -0.561971023581 0.0531292682233 0.0 0.0 -0.00785355870991
0.995184726672 0.0 0.0748845414044 0.0 -0.562425116537 0.0340289512649 0.0 0.0 -0.00784931322042
0.997290456679 0.0 0.0393634772056 0.0 -0.56261827005 0.0191509260377 0.0 0.0 -0.00784376165904
0.998795456205 0.0 0.0139534084035 0.0 -0.562669360171 0.00851414252246 0.0 0.0 -0.00783857895525
0.999698818696 0.0 -0.00130621082058 0.0 -0.562664939562 0.00212888417082 0.0 0.0 -0.00783497899128
1.0 0.0 -0.00639390313911 0.0 -0.562573868757 0.0 0.0 0.0 -0.00783253134542
